########### array before sorts ###########
0	82.550000	-1.354659	82.624038	-1.396950	n
1	82.624038	-1.396950	82.666353	16.649122	n
2	82.666353	16.649122	-0.719888	16.733759	n
3	-0.719888	16.733759	-1.270000	16.510000	n
4	-1.270000	-1.270000	-1.270000	16.510000	n
5	-1.270000	16.510000	82.550000	16.510000	n
6	82.550000	16.510000	82.550000	-1.354659	n
7	82.550000	-1.354659	-1.270000	-1.270000	n
Tolerance=0.050000.
*Exact match for i=0 and j=1.
*i point 82.550000	-1.354659	82.624038	-1.396950	y
*Exact match for i=1 and j=2.
*i point 82.624038	-1.396950	82.666353	16.649122	y
*Exact match for i=2 and j=3.
*i point 82.666353	16.649122	-0.719888	16.733759	y
*Exact match for i=3 and j=4.
*i point -0.719888	16.733759	-1.270000	16.510000	y
	*Before flip 	-1.270000	-1.270000	-1.270000	16.510000	y
	*After flip 	-1.270000	16.510000	-1.270000	-1.270000	y
*Exact match for i=4 and j=7.
*i point -1.270000	16.510000	-1.270000	-1.270000	y
	*Before flip 	82.550000	-1.354659	-1.270000	-1.270000	y
	*After flip 	-1.270000	-1.270000	82.550000	-1.354659	y
No match for i=6.
########### array after sorts ###########
0	82.550000	-1.354659	82.624038	-1.396950	y
1	82.624038	-1.396950	82.666353	16.649122	y
2	82.666353	16.649122	-0.719888	16.733759	y
3	-0.719888	16.733759	-1.270000	16.510000	y
4	-1.270000	16.510000	-1.270000	-1.270000	y
5	-1.270000	-1.270000	82.550000	-1.354659	y
6	82.550000	16.510000	82.550000	-1.354659	y
7	-1.270000	16.510000	82.550000	16.510000	n
***************
DISPLAY -20 114;DELETE ( 82.550050 -1.270000 );DELETE ( 82.666409 16.649141 );DELETE ( -0.719888 16.733775 );DELETE ( -1.270000 16.510000 );LAYER ?? -114;LAYER 114 IDFDebug;SET COLOR_LAYER 114 red;CIRCLE (3.250002 -0.053333) (3.328742 -0.053333);change width 0.01;
SET Wire_Bend 2;
WIRE ( 3.250002 -0.053333) (3.252917 -0.054998);WIRE ( 3.252917 -0.054998) (3.254583 0.655478);WIRE ( 3.254583 0.655478) (-0.028342 0.658810);WIRE ( -0.028342 0.658810) (-0.050000 0.650000);WIRE ( -0.050000 0.650000) (-0.050000 -0.050000);WIRE ( -0.050000 -0.050000) (3.250002 -0.053333);WIRE ( 3.250002 0.650000) (3.250002 -0.053333);DISPLAY NONE;DISPLAY 20 114;WINDOW FIT;***************
.BOARD_OUTLINE UNOWNED
1.6
0     82.550000     -1.354659     0
0     82.624038     -1.396950     0
0     82.666353     16.649122     0
0     -0.719888     16.733759     0
0     -1.270000     16.510000     0
0     -1.270000     -1.270000     0
0     82.550000     -1.354659     0
1     82.550000     16.510000     0
